617485
779372
707251
473358
889974
89145
793988
984290
316531
458254
438104
768558
276041
403181
731865
237406
767776
909056
556017
228260
946756
859079
514396
596388
420699
397889
958445
993012
581320
201865
318276
298364
947741
645261
174235
618524
649539
746791
943913
733639
517532
248285
4289
708572
572689
18346
335967
405929
10049
681189
881318
829085
10344
772110
401638
480796
164239
504450
209304
944961
68838
489394
697616
472044
116220
870710
806643
28017
106015
418806
124004
497861
856158
82364
910391
522607
784223
618364
719811
367807
745453
445185
418769
787389
864823
410102
533868
80058
518309
57226
157353
530333
245925
343237
85824
596290
894605
34872
265700
797256