490820
748246
86863
33157
554927
787930
845137
694725
163751
733508
334631
388881
515509
727757
886892
481556
84499
905968
394488
545885
370180
551703
279866
604379
50877
893156
652287
180407
315329
418269
654671
797134
78858
861556
34614
669258
586147
776690
461728
533212
172755
270592
972894
714136
528051
862098
612869
650092
259297
603184
604597
694270
875853
803490
137911
710818
896304
232760
190848
960117
793309
740339
756178
989016
452912
448020
113346
933196
628899
128702
82324
781223
107839
439434
488642
447409
150063
428648
213916
290526
2991
893036
140745
933287
115812
71484
743531
53895
266374
260885
46049
18767
489976
937269
29542
652198
55737
547753
386838
767265
697650
979379
919633
585915
270703
420439
446328
867313
777451
984706
668949
73725
719939
425368
90199
438316
712141
799833
441210
65054
505602
969775
850949
161370
266582
594262
550189
687755
220585
949736
848215
733339
891413
518532
165307
614891
303463
961242
270756
899308
874731
251606
6035
984157
718113
637991
315268
271265
200780
712683
36104
371260
314088
59321
67025
500266
201147
205386
66700
465564
368708
551172
831337
494992
891664
527589
420598
333259
211692
935688
399337
572918
157557
10967
222844
748691
261195
639630
133427
586138
523876
419304
85945
628980
940989
464552
528232
822547
212074
517253
774760
29484
96783
72115
976878
694866
433639
328010
866726
186288
