593031
254905
74496
269685
298000
190750
932555
369599
386596
895233
253759
45143
5068
557427
131102
416916
882504
664158
784437
439421
895851
976906
190471
64567
935782
367020
523045
50723
393180
125409
704128
971127
570482
389142
482095
443265
29793
846767
350824
159285
563163
222292
297450
52008
602887
620311
66171
818972
67521
52760
658117
748815
334350
201901
554846
829697
420255
844967
80431
189091
838125
278089
994268
846204
500425
453413
592802
697692
189351
642615
826087
789730
78139
765200
236211
169642
161087
328596
491631
805328
819343
851909
667861
674905
438705
845593
176299
530947
364416
935095
553820
157586
134264
198623
896951
505720
472871
781253
910158
541758
580497
923262
998926
457256
460177
25589
902790
842421
36892
363687
809203
666864
838632
559176
699195
144015
606577
6128
510241
639311
173487
729816
959464
230936
670630
246066
804393
678410
144235
801039
270135
863723
791613
742436
606570
343730
530973
944113
644952
463647
224617
611866
796356
479746
761055
418084
469329
449946
965235
420244
471551
515048
661544
453455
298252
314717
97586
145880
685120
3293
516733
966613
65315
788709
966132
788785
557608
219950
824389
690834
458698
990071
107252
786767
902412
811819
389261
355070
76876
710669
67018
847185
532794
630731
441017
330631
288709
650621
370047
813631
528218
95540
968565
371753
908453
313225
344124
261478
711171
815104
160755
45602
111338
349983
280900
792086
678219
513543
532492
620122
563864
868320
434493
998408
703035
972162
544956
645806
596394
816938
51228
714696
597845
286929
290135
944056
594611
977196
904226
616101
10540
782952
260816
924714
877014
413473
694137
476073
131807
636272
468669
285398
394861
83801
768167
688048
196043
655839
60716
705602
674172
227758
167270
491171
438580
153505
845905
994057
507098
716345
216517
8244
683435
163044
852230
414708
413910
885015
265877
657670
8872
339502
776952
852026
256213
846251
840542
379393
221693
431710
830645
750766
429724
509609
401834
235564
414722
559064
580563
342802
898778
797624
39870
387284
823855
564055
9331
773767
983969
573733
697916
332381
516650
382809
176970
22429
685125
448762
738691
187110
856319
336918
411239
859151
335194
528185
13269
564916
629058
689012
882887
708173
878287
782598
478314
296375
168225
534329
317553
494129
211944
270470
993937
170902
361189
55715
14370
520191
355315
21862
703873
520438
996688
604233
788292
304223
779276
538667
602513
239278
769675
879451
34699
623739
535616
721878
889178
27515
298175
812046
861618
934565
984097
710982
788323
708520
371313
429982
930875
562164
508247
992071
402776
177355
834759
858536
499421
819020
399206
457855
722120
152514
578866
784354
702310
341169
752173
94993
230929
279334
899993
556511
35776
681585
150523
832944
244747
974866
123942
12391
323886
499144
13852
928323
393377
348195
209679
745149
238869
272898
367835
175635
435952
332793
467187
638246
569639
281116
871966
592768
794484
14863
976032
526569
705868
110154
218848
813773
613316
734385
996056
503417
111241
50821
789973
241078
149366
149925
611767
988200
802528
736841
670474
600502
604462
501524
214527
15503
316470
611342
616900
642618
933752
877504
952481
911682
142659
199948
743239
733333
752208
371582
608465
980980
519399
472448
231109
729904
362243
375947
899864
656939
980695
227036
439838
190151
832728
371448
292064
174494
713804
640161
345648
195956
311143
961019
311691
234513
435332
21069
19718
719980
709874
931895
227828
633023
974268
251549
660926
884610
643400
381103
430651
302059
221689
306206
469386
716224
413015
160158
779700
732022
182753
283811
933282
57652
970890
428997
274026
703113
668745
294261
616164
702776
903686
214214
692462
148425
457437
169577
352597
693015
274620
222922
760687
686383
109976
355200
528192
954812
490145
200551
301794
304910
852402
235512
454953
283434
703126
850821
77491
574480
700285
905677
972869
805968
734526
831055
864648
610357
820333
626638
762068
422611
689943
221783
28388
735354
320199
146339
233135
49103
101805
372411
849106
983313
798634
625535
676068
101477
855217
46373
920445
220529
875306
116903
269584
579181
573072
553358
228071
253586
69623
656961
222413
89196
279274
206883
155943
703321
298601
128812
381483
756371
250237
852948
860370
824050
804284
78398
111179
915799
897381
546744
328335
547180
482266
841693
964490
618788
585964
800040
167884
619843
629735
692584
429776
471771
648972
138020
838543
142381
416525
55607
520272
581834
330311
710692
892700
343865
470061
407225
613691
7963
21520
55114
926608
269802
860385
117886
618175
3109
463662
25680
460444
289126
569164
723455
305555
394392
243027
502865
659742
203779
859281
549052
880744
584634
96423
830623
821407
402599
173662
989858
342849
644405
993634
53816
969463
417576
893732
5928
68031
242318
382235
819487
248233
888419
543833
455717
740702
383694
387702
746380
817454
402839
319138
206507
570250
229459
684666
710104
281714
90212
35968
718216
438467
673407
345089
846691
962731
877018
614210
72567
830169
276219
39742
366501
261354
124136
988958
600014
948377
997711
371896
412535
557727
645
408471
508843
357456
565301
608297
813315
233355
224522
452271
428709
434375
54653
462097
742136
169393
855214
783308
273549
868573
318065
878402
242906
817181
901987
992930
939627
761641
871506
60169
717777
48399
84621
906746
313111
788959
919035
338462
909420
54150
794601
504284
841944
874993
452858
758276
277464
744460
810179
451177
390960
390607
799612
360451
803281
779877
686850
268216
751168
144618
565308
95078
978377
237232
123594
325901
865533
218174
11812
529051
919353
276204
430984
857808
279621
795286
402225
681844
662018
865769
438639
50320
452605
279709
275434
644083
588461
368805
282358
944389
307430
313348
196102
890957
370283
197939
35454
334707
239534
860187
273924
566006
371886
621926
704018
303202
404592
71692
774597
314921
997558
937860
477212
797979
742688
178092
106308
720280
180930
383012
174601
97927
612860
530073
216590
458039
871122
146482
616335
922145
391955
646051
471739
33949
82749
82210
588095
851284
569730
681331
482974
793308
8348
518986
420289
828647
731006
297591
697843
976324
631407
517113
641455
865308
913975
914302
764020
15448
597295
737086
380313
895050
322644
23132
994399
658852
405141
2520
80332
193189
814613
942151
212235
505308
295890
592465
596906
309913
177938
495386
705476
229869
308334
444250
992108
15101
260152
229043
954194
869938
796052
668678
828129
74174
857254
613395
125453
109953
100940
573427
210985
575340
985699
269174
7816
368523
34265
147115
921260
703541
29819
390932
10011
58583
695197
100328
897083
989001
910519
291507
132307
96106
22713
953536
325203
127025
721977
69736
291554
768717
300277
208812
207461
914380
187858
471035
237816
991541
770020
537656
166854
630747
560816
360874
817860
653013
234788
856098
806122
237884
836976
309648
491565
440828
912264
570347
898372
81617
682075
843461
947696
915953
850217
840803
152014
951858
426718
143679
615966
51613
672902
210536
279659